   2.0000000e+00   7.3073169e-01   7.9083436e-01   1.0070669e+00  -1.3148241e-01   9.2588326e-01  -1.3839708e+00
   1.0000000e+00   1.3651547e-01  -1.1408101e+00  -7.0209170e-01  -2.1092037e-01   4.1951466e-01  -3.6798575e-01
   2.0000000e+00   6.9854194e-01   7.7343405e-01  -1.3832740e+00   6.7025152e-01  -3.8674449e-01   1.0246845e+00
   2.0000000e+00   1.3593980e+00   7.3369337e-02   6.5421972e-01   3.5872368e-01   2.6444688e-01  -7.7020847e-01
   2.0000000e+00  -6.0006257e-01  -1.8174165e-01  -3.4039998e-01  -2.0601083e+00  -7.2770309e-01  -1.6087481e-01
   2.0000000e+00   1.7502785e+00  -1.0727053e+00  -1.0042650e+00   6.3538803e-01  -1.2456790e+00   3.2732853e-01
   2.0000000e+00  -1.2155722e+00  -7.9841637e-01   3.1264771e-01   1.5797292e-01  -1.7978620e-01  -6.8096343e-01
   2.0000000e+00  -1.4410037e+00   2.5910544e-01   1.5285150e+00   1.2269925e+00   9.9142611e-01  -1.3381957e+00
   2.0000000e+00   1.6233404e-01  -8.5556774e-01  -3.2647769e-01   2.8591038e-02  -3.5632683e-01   7.6304581e-01
   2.0000000e+00  -2.4431975e-01  -7.8891145e-01   2.1133311e-01  -9.3641259e-01  -1.2425730e+00   9.6826786e-02
   2.0000000e+00   6.2071571e-01  -1.1146320e-01   9.3974503e-01   4.2652061e-01  -1.5971500e+00  -3.1212175e-01
   1.0000000e+00  -1.9466349e-01  -1.9274027e-01   8.3273044e-01   2.8274077e+00   9.8108362e-02  -1.3395021e+00
   1.0000000e+00  -8.2945994e-01  -2.1831472e+00  -1.4159843e+00  -3.9823611e-01   5.8270601e-03  -3.3178944e-01
   2.0000000e+00   6.8211293e-01  -1.5935309e-01   5.7629401e-01   3.4948345e-03   8.7601961e-01   1.4829159e+00
   2.0000000e+00  -1.4071254e+00   1.1313439e+00   7.8779341e-01  -1.7059777e+00  -1.2977828e-02  -1.7333335e+00
   2.0000000e+00   9.5117103e-01   1.2915400e-01  -1.2263555e+00  -3.8346454e-01  -4.8960083e-02   1.6358519e-01
   2.0000000e+00   3.2589177e-01   4.9653899e-01   6.9528889e-01   9.3166569e-01  -2.2672497e-01   5.0142189e-01
   2.0000000e+00  -9.6616435e-01   1.9261925e+00  -5.5865996e-01   9.7503966e-01   1.8636911e+00  -1.9885266e+00
   2.0000000e+00   1.7104740e+00   7.5314518e-01  -9.3366815e-01  -8.8256953e-01  -1.0448865e-01   2.3702660e-01
   2.0000000e+00  -1.7000741e+00  -5.4780659e-01   6.5112928e-01  -1.7088595e+00   4.9708627e-01  -1.2576440e+00
   1.0000000e+00  -4.7106271e-01  -6.0216804e-01   2.1500155e-01   1.6876514e+00   6.8606592e-01   1.1588941e+00
   2.0000000e+00   1.4043767e-01  -6.6683509e-01  -3.9973201e-01  -4.7695118e-01   4.5522693e-01   2.3392547e+00
   2.0000000e+00  -1.0861153e+00   1.1607819e-01   1.1881543e+00   4.1556506e-01  -7.0130213e-01   8.2246085e-01
   2.0000000e+00   6.4254308e-02   1.2503826e+00   4.1455709e-01  -8.1781046e-02   1.2377238e+00   1.2246439e+00
   2.0000000e+00   4.2655830e-01   1.5259473e-01   2.5937268e+00  -5.6402720e-01  -8.5144824e-02  -2.0552751e+00
   2.0000000e+00   4.8287056e-01  -1.0948849e+00  -5.4988949e-01  -7.0571876e-01  -1.7819097e+00  -1.5352924e+00
   2.0000000e+00   7.6859496e-01  -4.5143154e-01   3.3933940e-01  -7.7385140e-01   2.2329069e+00  -1.0914122e+00
   2.0000000e+00  -1.0787260e+00  -5.3230759e-01  -1.3191884e+00   1.1734007e-01   6.8726748e-01   6.5541937e-01
   1.0000000e+00   4.7283678e-01   1.0030518e+00   2.0232747e-01  -2.2310896e-01   1.4299407e-01   1.1899805e+00
   1.0000000e+00   8.5693848e-01   3.7788226e-01   3.1888463e-01   7.8129026e-01   9.6996569e-02  -8.7714053e-01
   2.0000000e+00  -5.6557716e-01  -2.8280721e-01   3.2294830e-01   5.0264302e-01  -5.7293902e-01  -8.0892251e-01
   2.0000000e+00  -1.8006651e-01   1.3214741e+00  -1.3377592e+00   5.3873939e-01  -1.0480591e+00   5.1080588e-01
   1.0000000e+00   4.0023626e-01  -4.8987467e-01   1.8261670e+00  -6.2054453e-01   8.2532497e-01   2.4733415e-01
   2.0000000e+00   2.5150105e-01  -5.2760002e-01  -1.0003205e+00   2.9500191e-01  -1.3802947e+00  -4.5642144e-01
   2.0000000e+00   1.6259589e+00  -5.7691831e-01   7.7045871e-01  -5.6352603e-01   1.3458369e-01   1.9616118e+00
   1.0000000e+00  -3.7554016e-01  -8.3984779e-01   3.4143703e-02   5.5925732e-01   7.3593651e-02   6.4212341e-01
   2.0000000e+00   1.0446152e+00   7.0806132e-01  -1.0238223e-01   1.8714492e-01   6.0747241e-01   2.2752801e-01
   2.0000000e+00  -8.5638220e-02   6.1062825e-01   2.0004880e-01  -6.6303222e-01  -4.5194495e-02   3.2381005e-01
   1.0000000e+00  -8.2212230e-01   1.8232090e-02   8.0731272e-01  -5.7286312e-01   4.6663872e-01  -7.0976641e-01
   1.0000000e+00  -6.1188814e-02  -1.4085760e+00   2.0935814e+00   2.1270452e-01   6.4592375e-01  -9.4548750e-01
   2.0000000e+00   1.3149449e-02  -7.1270867e-01   8.8619388e-01   2.3866169e-01   1.1124424e+00   1.0651163e+00
   2.0000000e+00   1.4093382e+00   1.5969368e+00   3.6360467e-01   2.7431042e-01   1.9846622e-01   4.6098329e-01
   2.0000000e+00  -9.6892087e-01  -7.1596687e-01  -1.8150562e+00  -7.1438842e-02   1.0103585e+00  -1.0968158e+00
   2.0000000e+00   1.3096840e+00  -1.8001575e+00  -1.2168478e+00   2.1460159e-01  -6.5258770e-01   5.8558007e-01
   2.0000000e+00   3.5876895e-01  -4.9403225e-01  -2.8557405e-01   1.3488887e+00  -2.9862682e-02  -9.0594962e-02
   2.0000000e+00  -5.9059839e-01  -2.3912467e+00  -6.4765479e-01   7.5968185e-01  -9.0561663e-02   9.4587666e-01
   2.0000000e+00  -5.6588419e-01   2.3027267e-02  -2.4325461e-01  -1.5139987e+00  -7.7371832e-01   1.9579316e-01
   2.0000000e+00  -1.2389713e+00  -9.1091418e-01  -7.6615505e-01   3.1096998e-01  -8.3534342e-01  -3.5750514e-01
   2.0000000e+00   1.8133317e-01  -6.3289692e-01  -6.8429950e-01   2.0315003e-01  -9.3812365e-01  -2.3601801e-01
   2.0000000e+00   1.1175237e+00  -2.1311501e+00   1.3233624e+00   2.9879365e-01   1.5383109e+00   4.6006066e-01
   1.0000000e+00  -4.1998635e-01  -8.6176920e-01   7.9538528e-01  -5.2388045e-01   1.2629144e-01   4.0564812e-01
   2.0000000e+00   9.8156348e-01  -5.9502226e-01   7.7316281e-01  -2.4351771e-01   1.7010323e+00   2.0502288e+00
   2.0000000e+00  -1.8245878e+00  -2.9028157e-01  -2.0622706e+00  -4.4200551e-01  -6.0670050e-01   6.3470647e-01
   2.0000000e+00   1.0190346e+00   6.6685163e-01   2.7818102e+00   3.7730757e-01  -1.9761690e-02   8.9999329e-02
   1.0000000e+00   5.0760933e-01   5.6548479e-01  -1.8572223e+00   1.5916171e-02   3.0442075e-01   1.3940193e+00
   2.0000000e+00  -3.5179311e-01   1.5635344e+00  -2.6291346e-01  -2.1676841e-01   1.0052014e+00  -1.3201677e+00
   2.0000000e+00   4.8955381e-01  -5.8289675e-01  -6.4772996e-01  -3.3026474e-01  -9.4279872e-01   3.5116552e-02
   2.0000000e+00  -1.1515197e+00   5.2535586e-01  -3.8139772e-01  -1.0105872e+00   5.5756273e-01   2.8662624e-02
   1.0000000e+00   6.2681632e-01  -1.1913923e+00   1.1020373e+00   1.0788512e+00   3.4226401e-01  -1.3378620e+00
   2.0000000e+00   4.3711708e-01   1.2240140e+00   1.1986773e+00   7.1875708e-01  -1.0214941e+00   2.5342602e-01
   2.0000000e+00  -1.6340752e+00  -2.4184264e+00   1.5964482e+00  -8.1641346e-02   6.3398227e-01   1.3649940e+00
   2.0000000e+00   3.0701295e-01   9.3250602e-01  -1.4914325e+00   1.0737487e+00  -1.9245886e+00  -2.3875773e-01
   1.0000000e+00   3.2128374e-01   2.6211390e-01   3.8064191e-01   1.2528891e+00   4.5015120e-01   3.4626492e-01
   2.0000000e+00  -1.0200187e-01   8.2484446e-01  -1.9696967e+00  -1.0561217e+00   1.7452209e+00  -1.1701227e+00
   2.0000000e+00   5.3296864e-01   6.5209495e-01   2.6873787e-01   5.5389963e-01   1.8895706e+00  -9.0800863e-01
   2.0000000e+00  -1.4702348e+00  -2.7070031e-01   5.8923511e-01   1.1547349e+00   1.1036985e-01  -4.7031377e-01
   2.0000000e+00   1.5950364e+00   5.0928636e-01  -6.3636427e-01  -2.2186081e-02  -4.0712739e-01   1.7475638e+00
   2.0000000e+00   1.3557678e+00  -2.5113776e-01  -5.9549009e-02  -9.9698061e-01  -1.7229102e+00   8.9707942e-01
   2.0000000e+00  -2.4533840e+00   6.1533650e-01  -1.4892785e-01   5.4978192e-01   2.2090874e+00  -1.8917430e+00
   2.0000000e+00  -6.5876496e-01   1.4233044e+00   5.1555435e-01  -4.6318962e-01  -5.5693763e-01  -8.6966514e-02
   1.0000000e+00   3.8346917e-01  -1.1004216e-01   1.8540621e-01   9.0461913e-01   3.5956785e-01  -4.7693777e-02
   2.0000000e+00   1.7110651e+00   8.5902305e-01  -7.9654721e-01  -1.6634040e+00  -7.0611602e-01  -7.1186044e-01
   2.0000000e+00  -1.4263434e-01  -6.2416129e-01   2.0768979e+00   1.0636305e-01   1.1952619e+00  -9.0449692e-01
   1.0000000e+00   2.5941023e-01   4.8404615e-01  -3.0974647e-02  -1.2985253e+00   2.0772502e-02   6.8829506e-01
   2.0000000e+00  -1.3335037e+00  -6.6956020e-01   5.0809358e-01  -2.1432563e-01   7.7814560e-01   2.4710319e-01
   1.0000000e+00   9.5711765e-02   8.2658397e-01   9.3127149e-03  -1.1478749e+00   1.1139386e-01  -1.2033272e+00
   2.0000000e+00  -5.2725156e-01  -5.8736987e-01  -1.9544480e+00   6.5702014e-01  -1.2663165e+00  -1.0650923e+00
   2.0000000e+00   7.9510095e-01  -5.0362095e-01  -8.2658668e-01  -3.5815010e-01  -7.2750458e-01  -4.5258549e-01
   2.0000000e+00   2.8655497e-01   2.5053159e-01   1.1997532e+00  -9.0241847e-01  -2.1789275e+00  -1.3274138e+00
   1.0000000e+00  -6.0550251e-01  -3.0104685e-01   9.6553015e-03  -6.8750252e-02   2.1761865e-01  -1.0174245e+00
   2.0000000e+00   8.6650278e-01   2.4182752e+00  -1.6673889e+00   6.0059866e-01   1.0568425e+00   1.4984754e+00
   1.0000000e+00   5.5450786e-02  -7.6470931e-01   1.6144319e+00   2.5547871e+00   5.3217964e-01  -8.8821901e-01
   2.0000000e+00   1.5332129e+00   5.8736497e-01  -4.0451640e-02   1.5528509e+00  -1.1024012e+00   5.2077722e-01
   2.0000000e+00   7.0157945e-01  -2.0724203e-01   1.0407195e+00  -1.0309774e+00  -1.4802661e+00   2.1522356e-01
   1.0000000e+00   7.2378864e-01  -1.0819671e+00  -5.8900850e-01   1.1767292e+00   3.2166833e-01   1.4359286e+00
   1.0000000e+00  -5.1235886e-01   4.5522624e-01  -1.3239439e+00   7.6217037e-01   7.7779277e-01  -1.0175456e-01
   2.0000000e+00  -8.4907462e-01   5.6610361e-01  -5.8385789e-01  -3.5959800e-01  -3.5130118e-01  -9.3032562e-01
   2.0000000e+00   7.8441999e-01   6.4363040e-01   2.1124420e-01  -1.6293800e-01   1.1514786e+00  -5.0073716e-01
   2.0000000e+00   7.4657197e-01  -1.4461150e+00  -1.9542474e+00   1.3388763e+00  -1.2568598e+00   1.5091355e+00
   2.0000000e+00   1.3644811e+00   1.1926333e-01   5.2576109e-01  -1.9221023e+00   3.9355901e-01   1.5745244e+00
   1.0000000e+00  -8.2272339e-01   1.4411627e+00  -8.8154060e-02   1.5136486e+00   3.2252259e-01  -1.2366604e-02
   2.0000000e+00  -1.1093966e+00   1.2465917e+00  -1.3441371e+00   4.7315504e-01  -7.6273424e-01   2.4099196e+00
   2.0000000e+00  -2.0982631e+00   6.8545895e-01   3.0095717e-01   7.0364627e-01  -3.4559151e-01  -1.7972548e-01
   2.0000000e+00   3.8294343e-01   1.6032162e-01  -1.0312745e+00  -3.6494075e-01  -1.7239893e+00  -1.0279551e-01
   2.0000000e+00   1.1979951e+00   1.4770150e+00   1.8967272e+00  -5.8895209e-01   2.6733424e+00  -3.6713443e-01
   2.0000000e+00  -8.9367949e-01   5.6405529e-01   1.0927706e+00   2.2886088e+00   2.4174066e+00   6.1686591e-01
   1.0000000e+00   4.4494517e-01   3.2731487e-03   7.8393604e-01   8.3283846e-01   5.2150082e-01   1.2855539e+00
   1.0000000e+00   3.5242742e-01   8.1989351e-01   3.3590383e-01   1.5670991e+00   3.0069322e-01  -1.3924807e+00
   2.0000000e+00   5.9439998e-01   1.9687200e-01   2.3269096e-01   2.3305056e-01  -1.4560792e-01  -1.3189621e+00
   1.0000000e+00  -7.4577214e-01  -1.4209502e+00  -9.7728154e-01   1.4672466e-01   1.8578801e-01   6.2976126e-01
   2.0000000e+00  -1.8933830e-01  -1.8891794e+00  -9.7950500e-01   3.5176080e-01  -7.4280788e-02   6.2581300e-01
   2.0000000e+00  -7.4272375e-01   1.1337892e+00   3.6413441e-01   1.5790211e+00  -4.1675154e-01   2.7731453e-01
   1.0000000e+00  -1.7863857e-01   1.4191709e-01  -7.4348379e-01  -1.3860233e+00   9.1713942e-02  -3.0538913e-01
   2.0000000e+00   1.1431642e-01   7.9295313e-01  -8.2366026e-01  -1.4569417e+00  -1.7734100e+00   7.3280380e-01
   2.0000000e+00   1.6741706e+00  -1.3755190e+00   7.2382830e-01  -2.0082576e-01  -9.2844859e-01  -1.2483630e+00
   2.0000000e+00   2.8014121e+00  -1.2176978e-01   4.5917958e-01  -5.8189872e-01  -6.4536065e-01   2.4956783e-01
   2.0000000e+00  -7.2199362e-01  -1.0544849e+00   1.4747806e+00   2.3952615e-01  -7.8019646e-01   9.1067134e-01
   1.0000000e+00   6.8776616e-02  -1.2555714e+00  -1.5779346e+00   6.5001460e-01   1.9560747e-01  -6.1655219e-02
   1.0000000e+00   2.1260925e-01   2.6732131e+00  -1.8378256e+00  -3.7634258e-01   3.9924931e-01   2.4157341e-01
   2.0000000e+00   1.5521024e+00  -1.0463733e+00  -6.0896386e-01  -1.3848849e+00  -9.6142118e-01   1.5647946e+00
   2.0000000e+00  -1.3757998e+00  -6.0787219e-01  -3.7410206e-01  -1.0131947e-01  -4.1156658e-01   2.2800821e-01
   2.0000000e+00   2.1802063e+00  -3.4304819e-01  -1.3767586e-01  -7.0958902e-01   1.0201153e+00   7.6530165e-01
   2.0000000e+00   3.4242118e-01  -1.7880329e-01  -3.5482458e-01   2.4899942e-01  -6.1666008e-01  -8.2781202e-01
   1.0000000e+00   5.2600098e-01   5.5207256e-01  -1.4400982e+00  -8.1858264e-01   4.3325580e-02  -6.4661144e-01
   2.0000000e+00  -6.3876598e-01   3.3953075e-01   9.7377484e-01   1.5187914e+00  -8.3728480e-01  -1.2758903e+00
   1.0000000e+00   2.0811638e-01  -6.0794605e-01   2.8490276e-01   4.9021569e-01   8.0059732e-01   3.5432380e-01
   1.0000000e+00   5.4487144e-02  -7.2009585e-01   5.4462793e-01  -5.2044827e-01   5.0307971e-01  -1.1698815e-01
   2.0000000e+00  -2.3053444e-01   9.9498958e-01  -6.5628393e-01  -1.3055719e+00  -8.2227946e-01  -3.1476035e-01
   1.0000000e+00  -4.7625099e-01  -4.4876631e-01  -1.3004002e-01   2.0600792e-01   7.7806008e-01   2.0437979e-01
   2.0000000e+00  -4.0573015e-01   9.1983836e-02  -5.3020615e-01  -5.6128637e-01   1.0955007e+00   1.1286548e+00
   2.0000000e+00   1.6515782e+00   1.4800965e+00  -2.4868664e+00   3.7939044e-01   1.6738705e-01   6.1129238e-01
   2.0000000e+00  -2.1255388e+00  -7.8752860e-02  -1.5536038e+00   1.9289848e+00   8.5088836e-03   1.4111245e+00
   2.0000000e+00   6.4127869e-01   7.5070841e-01  -5.7349073e-01   9.3372436e-01  -6.4589154e-01  -2.4029787e+00
   1.0000000e+00  -1.9973008e-01  -1.4962708e+00  -1.0166233e-01   1.5578766e+00   3.8653198e-01  -1.8771285e-01
   2.0000000e+00   1.7309825e+00  -2.4235349e-01   1.8627254e+00  -8.5100751e-01   1.5038718e+00  -1.3033045e+00
   2.0000000e+00  -7.1309319e-01   1.2048428e+00   7.4126001e-01   6.3367331e-01   9.8217129e-01  -9.8357370e-02
   2.0000000e+00   6.0098729e-01  -8.4024352e-01  -1.3157805e+00  -2.5021759e-01  -6.4182351e-02   6.7258725e-01
   2.0000000e+00   2.0576799e-01   8.2786597e-01   1.7514780e-01   5.0113624e-01  -5.2761226e-01  -8.5042027e-01
   2.0000000e+00  -1.1352040e+00  -3.3820366e-03  -2.0096985e-01  -7.8896519e-01  -1.0129240e+00   5.7433958e-01
   2.0000000e+00   1.2187932e+00   2.1486062e-01   9.7462210e-01  -1.1808900e+00   1.5336159e-01   5.7107671e-02
   2.0000000e+00   6.8039824e-01  -1.2102623e-01  -1.2628194e+00  -1.3725329e+00  -6.6893723e-01   4.2246804e-01
   2.0000000e+00   8.4517759e-01  -2.8211263e+00   1.7946001e+00  -7.8335980e-01   1.0381408e+00  -5.6166339e-01
   2.0000000e+00   1.0191267e+00   1.4461289e+00   8.4443623e-01  -1.7621443e+00  -3.6594845e-01  -5.8146802e-01
   2.0000000e+00   1.3941884e-01  -1.0016330e+00   3.3208627e-01  -1.3450727e+00   4.9338718e-01   2.4967925e+00
   1.0000000e+00   4.9368375e-01  -1.5393484e-01  -1.6483977e+00   8.5051565e-01   4.1855486e-01  -1.0140822e+00
   1.0000000e+00  -1.0142719e-01   1.9288328e+00   1.1212705e+00   8.3231868e-01   2.4048504e-01  -3.6373133e-01
   1.0000000e+00   1.6755780e-01  -3.4952545e-01  -5.0746264e-01  -1.0854846e-01   7.4086166e-01   1.1200153e+00
   2.0000000e+00   1.0903190e+00  -6.5681858e-02  -8.3106363e-01  -1.3182325e+00   7.0076707e-01  -1.1954116e+00
   1.0000000e+00   2.1236460e-01  -3.6870168e-01  -1.4622096e+00   2.5346159e+00   7.9639308e-01   3.7762008e-01
   2.0000000e+00  -4.0377157e-01   1.4789116e-01   4.6288665e-01  -1.0359002e+00  -8.1304999e-01   1.2404790e-01
   2.0000000e+00   1.5439253e+00  -3.8622279e-02   7.7773018e-01   1.5625520e-01   4.5290748e-01  -2.1630633e-01
   2.0000000e+00   1.1164612e-01   1.4139652e+00   4.6925644e-01   7.7080932e-01   1.4257419e+00  -1.7451986e-01
   2.0000000e+00  -5.4122471e-01   1.4440086e+00   5.6261060e-01  -1.1428429e+00   1.6353608e+00   9.8178288e-02
   2.0000000e+00   8.7377582e-03   9.6873271e-01  -1.1600694e+00  -2.0493864e+00  -7.2354954e-01  -3.5625651e-02
   2.0000000e+00  -9.4123759e-01  -1.6852822e+00  -5.7784065e-01  -3.5998191e-01  -2.6940217e-01  -1.1543773e+00
   2.0000000e+00   1.8853603e+00  -2.2063882e-01  -1.0902292e+00   2.4453468e-01  -5.5904135e-02  -4.6595574e-01
   2.0000000e+00  -9.6866796e-01   8.6666125e-01   7.1428069e-01  -3.8786477e-01  -2.1531247e-02  -1.3606304e+00
   2.0000000e+00   1.0965334e+00   5.4244182e-01   2.5217637e-01  -9.6682726e-01   1.3685412e+00   6.5965673e-01
   2.0000000e+00   6.8886934e-01   9.5219536e-01   2.0083385e-01   6.3378885e-01  -3.0880270e+00  -3.9562533e-01
   1.0000000e+00   5.9924205e-01  -7.2668543e-01   1.9191085e-01  -7.8965848e-01   1.9461522e-01  -1.1978481e-01
   2.0000000e+00  -8.5372057e-02  -2.8422589e-01   1.4104561e+00  -5.5875425e-01  -3.4069857e-01  -1.7009343e-01
   2.0000000e+00   9.7775479e-01   7.2753018e-02   1.2853092e+00  -3.6285103e-01  -1.2518849e+00   3.5116069e-01
   2.0000000e+00  -7.3740939e-01  -9.4064818e-01   8.8879857e-02   3.4117299e-01  -8.8469828e-01  -7.1933921e-01
   2.0000000e+00  -7.4755109e-01  -1.4717677e-01   1.3477630e+00   4.9969754e-01  -4.8979593e-01  -1.1573713e+00
   2.0000000e+00   5.1941775e-01  -7.3642345e-02  -2.7614882e-01   4.5995212e-01   1.9772795e+00   1.6400162e-01
   2.0000000e+00  -1.8333086e-01  -1.0138294e+00   5.1639801e-02   1.1780055e+00  -1.6454583e+00   9.5788957e-01
   1.0000000e+00   1.8643739e-01   6.2963750e-01   1.1172577e+00  -3.5184747e-01   3.2846931e-01  -4.9883203e-01
   2.0000000e+00  -1.5475798e+00  -4.2965973e-01  -2.6047445e+00   8.3835751e-01  -3.1205079e-01   6.2464372e-03
   2.0000000e+00   8.6539746e-01   7.1380825e-01  -5.2664896e-01   2.1324439e-01  -9.0388069e-01  -3.0847904e-01
   2.0000000e+00   6.7767289e-01  -1.6674723e-01   1.7420709e+00   1.1063274e+00   8.2583892e-01   1.2023333e+00
   2.0000000e+00   1.0299573e+00   1.9364207e+00   4.6185540e-01  -5.3233225e-01   1.0903525e+00  -2.6490558e-02
   2.0000000e+00  -1.2474663e+00  -6.9683102e-01   4.1562470e-01   7.2612300e-01  -1.0023062e+00  -1.4828316e+00
   2.0000000e+00   1.1435353e+00   1.9922756e+00  -1.1099807e+00   2.9719067e-03   5.8938762e-01   1.8017076e+00
   2.0000000e+00   1.2425994e+00   2.0923668e-01   4.4969906e-01  -1.4431931e+00   6.0677948e-01  -2.0870190e-01
   2.0000000e+00   9.2747342e-01  -7.2756037e-01  -1.1680013e+00   1.0529810e-01   6.7034836e-01  -2.1571179e-01
   2.0000000e+00  -5.1875147e-01  -1.1364374e+00  -6.6254707e-04   1.9096028e+00   1.8069835e+00  -1.5186236e+00
   1.0000000e+00  -3.3529272e-01   8.9296956e-01  -2.3330046e-02  -1.9784608e+00   1.5217423e-01  -7.1321022e-01
   2.0000000e+00  -2.9768454e-01   7.7855968e-02  -1.1340868e+00   3.3164790e-01  -9.0643338e-01  -5.5130479e-01
   1.0000000e+00  -7.6004965e-02   6.1743567e-01   1.5082626e+00   1.0144114e+00   1.1644854e-01  -1.6899681e+00
   2.0000000e+00   7.3012975e-01  -1.9474471e+00  -1.6235609e+00   1.2400497e+00  -6.1981347e-01  -7.4451214e-01
   2.0000000e+00  -1.9640103e+00  -2.2046497e-01   5.5698199e-02   5.8225795e-01   4.0433381e-01  -6.4662340e-01
   1.0000000e+00   5.7897540e-01  -1.5102001e+00   3.4717299e-01   8.5973469e-01   6.5821605e-01  -2.7217817e-02
   2.0000000e+00  -1.8220997e+00   9.5066261e-01  -6.0644674e-01   1.8333755e+00   1.3402008e+00  -1.6821439e+00
   2.0000000e+00  -2.4749202e-01  -4.2658864e-01   1.4485116e+00  -1.5740696e+00  -1.1641052e+00   3.3762219e-01
   2.0000000e+00  -1.4234229e+00  -4.7869886e-01   3.5606763e-01   5.6414777e-01   3.5901450e-02  -1.2461023e-01
   2.0000000e+00  -4.1300809e-01  -1.0491136e+00  -1.9232811e+00  -1.5527096e+00  -2.4902721e-01  -1.1027073e+00
   2.0000000e+00   6.7348571e-02   1.1601343e-01   3.8810722e-01  -9.6450272e-02   1.0716938e+00   7.0366460e-01
   2.0000000e+00  -1.1175674e-01   3.3450956e-01   5.7314903e-01   5.1600542e-02  -3.2619009e-01   6.5789544e-01
   2.0000000e+00   6.1321058e-01   5.6114809e-01  -8.7027648e-01   1.6590008e-01  -2.4528313e-03   5.0028560e-01
   2.0000000e+00  -4.1680464e-01  -7.3713434e-01   8.5712402e-01  -1.6040378e-02   1.0737375e+00  -1.1699076e-01
   2.0000000e+00  -6.1915358e-01   7.3177802e-02   3.2784810e-01  -1.0390973e+00  -2.7366943e-01   2.7671407e+00
   2.0000000e+00   2.6150656e-01  -2.1105154e+00   9.0886165e-01  -2.0615399e-01  -4.0327232e-01  -9.8398017e-01
   2.0000000e+00   2.5865404e+00  -9.6230664e-02  -6.5658900e-01  -8.0757741e-01  -6.2111081e-01   3.1939100e-01
   2.0000000e+00  -1.1498605e+00   9.1677070e-01  -4.5260827e-01  -3.8685870e-01  -2.0317406e+00  -3.1545396e-01
   2.0000000e+00   5.5212537e-01   3.6970429e-01  -1.0404816e+00  -1.3566287e+00   1.2849626e+00   9.3489142e-01
   2.0000000e+00  -1.1129340e+00  -1.2139426e+00   6.3796671e-02  -5.3278781e-02   1.2306142e+00  -5.5080011e-01
   2.0000000e+00   1.5152170e+00   5.6254853e-01   1.7004646e+00  -5.9571712e-01   1.1661553e+00   4.8011453e-01
   2.0000000e+00   1.1816434e+00   9.1284082e-01  -1.5853435e+00   3.8375688e-01   5.0530073e-02   3.6294384e-01
   2.0000000e+00   1.5354401e+00   1.4884878e+00  -1.7014104e+00  -1.2767147e+00  -2.2936328e+00   1.6243313e+00
   2.0000000e+00  -2.5471847e-01   1.5780848e+00   3.6487007e-01   7.2053376e-01  -1.7464215e+00   6.5554135e-01
   2.0000000e+00   6.6738925e-01   7.0442414e-01   9.6331967e-01  -1.1036437e+00  -1.7710996e-01   5.7907904e-01
   2.0000000e+00   9.8772150e-01   8.8183558e-01  -6.0194993e-01  -4.3884394e-01   7.8602846e-01  -2.0371945e-02
   2.0000000e+00   3.3984759e-01  -5.2453811e-01  -6.9532723e-02  -6.4959215e-01   8.5944313e-01  -1.8489656e+00
   1.0000000e+00  -4.0563096e-01  -9.1816923e-01  -9.0616044e-01  -1.7941324e-01   3.5349344e-01  -7.9890603e-01
   2.0000000e+00   2.0905498e+00   4.1280081e-01  -4.7025223e-01  -2.3877320e-01  -1.5866894e+00   8.6245026e-01
   1.0000000e+00  -7.1820449e-01  -1.1261903e+00   8.7590221e-01   1.1545508e+00   2.2203293e-01  -1.2459191e-01
   2.0000000e+00  -5.4950160e-01   2.0204409e-01   7.7296653e-01  -7.7763780e-01   1.0121795e+00   7.1571026e-01
   1.0000000e+00  -2.2376757e-02  -1.7729666e-01  -1.3016562e+00  -8.1038836e-01   9.7912896e-01   5.4127041e-01
   2.0000000e+00   2.9086576e-01  -3.4875516e-01   2.1846082e-01   5.1152168e-01   1.1569397e+00   3.3264110e-03
   2.0000000e+00  -1.0767244e+00   1.6327944e+00   6.6110425e-01   7.8664615e-01  -7.7690738e-01   1.5706360e+00
   2.0000000e+00   7.2979611e-01  -1.2766333e-01   6.6998973e-01   2.9718351e-02   1.4178647e+00  -8.1855753e-01
   2.0000000e+00   4.9727205e-01   3.6322137e-01   1.4795949e+00  -1.1646687e+00  -7.3982057e-01  -1.3228004e+00
   2.0000000e+00   1.1134272e+00   1.4728249e+00  -1.5324967e+00  -7.3412726e-02  -2.3997416e-01  -1.6640696e+00
   2.0000000e+00   6.9911056e-01  -4.1347174e-01  -8.0027362e-01   1.0988359e+00  -1.2528982e+00  -6.8088498e-01
   2.0000000e+00   1.0557138e+00   2.5481224e-01   8.8296564e-01  -2.5556434e+00   3.0041581e-01  -8.1507275e-02
   1.0000000e+00   8.1720785e-01  -1.5778900e+00   7.7173994e-01  -1.3584937e+00   2.4092633e-01   2.1730947e-01
   2.0000000e+00   6.9752816e-01  -7.8824924e-01   1.2124218e+00  -9.0942879e-01   1.6377869e+00  -5.8171973e-01
   2.0000000e+00   1.1875874e+00   4.0576331e-01   5.9075990e-02  -8.5884969e-01  -1.8522295e+00   7.5494664e-01
   2.0000000e+00   1.5145923e+00   3.9963809e-01  -5.4678059e-01  -2.2641285e-01  -8.5707094e-01  -8.3025699e-01
   1.0000000e+00  -7.1589499e-01  -5.5198336e-01   4.1679584e-01   1.2959079e+00   4.6126213e-01   3.0307871e-01
   1.0000000e+00   5.5672122e-01   1.0201683e+00  -1.0426230e+00   2.1996698e-01   3.5148935e-01  -1.7101621e+00
   2.0000000e+00   1.3666281e+00  -4.8630297e-01   8.9057833e-01  -5.8073088e-01  -1.0713334e+00  -7.3367699e-01
   2.0000000e+00  -1.8675958e-01  -1.6032117e-01   5.7900608e-01   1.1079455e+00   1.1872746e+00  -1.4530399e+00
   2.0000000e+00   1.2850913e+00  -1.7656796e+00   6.5819919e-01  -6.8991840e-01  -1.1450365e-01  -1.6377662e-01
   1.0000000e+00   4.2722749e-01   2.3671419e+00   3.5321579e-01  -9.9682362e-01   9.0090866e-01  -4.0000873e-01
   2.0000000e+00  -1.0587884e+00   6.7787292e-01   1.3307818e-01  -8.9064016e-01   7.1599916e-01   1.3843807e+00
   1.0000000e+00   1.5253356e-01  -1.0259902e+00   5.8446991e-01   4.8551483e-01   9.3327316e-01  -1.4686794e+00
   2.0000000e+00   1.4577054e+00  -2.2787172e-01   1.7404349e-01  -7.1058881e-01   1.4807720e-01   2.8907913e-02
   1.0000000e+00   7.7861458e-01  -1.1120416e+00   5.1708292e-01  -1.4315044e+00   3.9875970e-01   5.3987048e-01
   2.0000000e+00   1.0671388e+00  -9.1775043e-01  -1.2007164e-01  -6.4761897e-01  -6.7199524e-02   1.8134454e-01
   1.0000000e+00   4.6126812e-01  -8.3272728e-01   6.3240050e-01  -3.6239066e-01   1.2940978e-01  -2.6589636e-01
   2.0000000e+00  -7.1454550e-01   2.3407263e-02   1.2010874e+00  -1.4894495e+00  -2.6486875e-01  -9.6642328e-01
   2.0000000e+00  -7.5796620e-01  -1.1716234e+00  -2.2349856e-01  -1.5560554e+00  -9.4055150e-01   6.5654243e-01
   2.0000000e+00  -4.5733585e-01  -2.4956614e-01  -1.2762310e+00  -8.9750123e-02  -1.3948307e+00  -7.6477856e-01
   1.0000000e+00   2.8243111e-01   1.8116826e+00   1.1073394e+00  -4.1135784e-01   1.2610018e-01   3.6321346e-01
   2.0000000e+00   1.0158281e+00  -7.1155515e-01  -1.6287167e+00  -2.7283410e-01  -5.8792330e-01  -3.3113792e-01
   2.0000000e+00  -9.4475719e-02   5.1488551e-01   1.6377024e+00  -1.9314484e-01   1.2319193e+00   2.0732559e-01
   2.0000000e+00  -1.9004747e-01   9.2943861e-01   5.1658119e-01  -2.1715426e-01  -1.7795426e+00   2.4355659e+00
   1.0000000e+00  -6.4820048e-01   1.5588141e+00  -2.0404177e-01   2.6846083e+00   3.0902889e-01  -4.3798480e-01
   2.0000000e+00  -5.3223713e-01   7.9382930e-02   3.0326037e-01   1.5336531e-02   4.6642849e-01   1.9788424e+00
   2.0000000e+00   8.4343927e-01   2.3187752e-01  -8.4351559e-01  -5.6794570e-01   1.6287044e+00  -1.1604443e+00
   2.0000000e+00  -8.5061056e-01  -5.2621064e-01   6.1987952e-01  -1.4049507e+00   1.2517665e+00   2.8634258e+00
   2.0000000e+00   1.3241022e+00   3.4165553e-01   6.5028722e-01  -6.5576462e-01   4.1268786e-03   1.5911701e+00
   2.0000000e+00  -4.0680766e-01  -6.5788447e-01   6.6587950e-02   5.0977810e-01   1.5792054e+00  -1.8614005e+00
   1.0000000e+00   3.9545482e-01   2.1728884e-01  -8.6260674e-01   3.0383140e-01   1.7581321e-01   8.3430865e-01
   1.0000000e+00   6.7111043e-01   5.3779274e-01  -1.7124171e-01   7.2556834e-01   2.1531307e-01   3.0997646e-01
   2.0000000e+00   1.4965229e+00   6.7594199e-02  -6.4348377e-01   1.4575938e+00   2.8985898e-01   4.9056421e-02
   2.0000000e+00   2.8019529e-01   9.8831199e-01   1.5050910e-01  -1.7996051e+00  -3.9815889e-01   1.1668092e+00
   2.0000000e+00   1.8470632e+00   8.6269881e-01  -1.7918376e-01  -1.3231380e+00  -1.6701810e-01   1.0384352e-01
   2.0000000e+00   7.4289667e-01   1.4708008e+00   2.3359617e-01  -1.2616114e+00  -1.4385869e+00   8.5562909e-01
   2.0000000e+00   4.4455929e-01  -2.3615480e+00   2.3337854e+00  -5.5069873e-01   3.8192683e-01   2.0481971e+00
   2.0000000e+00  -3.2245631e-01  -3.3996653e-01  -9.4087553e-01   8.3450068e-01  -9.4944294e-01  -9.2499296e-02
   2.0000000e+00   1.4136859e+00  -6.9970096e-01   7.4533992e-01  -2.9029528e-01  -1.0501500e-01   3.2472337e-01
   2.0000000e+00  -1.1620866e+00  -1.4685699e-01  -5.8284690e-01   1.6385900e+00  -1.8667021e-01   1.2472830e+00
   2.0000000e+00   8.6638852e-01  -9.2606271e-01  -1.6759245e+00   1.3201999e+00   6.0066666e-01   1.1589314e+00
   2.0000000e+00   3.1262963e-01  -2.4813792e+00  -3.5121858e-01   2.5191855e-01   1.4110081e+00   6.3136951e-01
   2.0000000e+00  -9.0089380e-01  -8.8465855e-03  -8.4498884e-01  -8.8934399e-01   1.2388919e+00   1.4292747e+00
   1.0000000e+00   7.3841012e-02   1.4678358e-01   8.8675621e-02   9.3246262e-02   6.6992279e-01  -3.7829119e-01
   2.0000000e+00   2.7233757e-02   2.3876053e+00  -1.1193012e-01   9.4615223e-02  -1.4043655e+00   1.0239527e+00
   2.0000000e+00  -6.9780426e-01   1.8197190e+00   1.2587687e+00  -1.2559282e-01  -1.0046482e-01  -1.2353602e+00
   2.0000000e+00   1.7294746e+00   3.0341126e-01  -6.8801868e-01  -1.0095143e+00  -1.5951956e+00   4.0222318e-01
   2.0000000e+00  -2.4215551e-01   2.1982839e+00  -9.8674978e-02   8.9277401e-01  -7.8572911e-02  -1.0342800e+00
   2.0000000e+00  -1.7682175e+00   6.2127114e-02  -8.3556950e-01   1.0053518e+00  -2.4050883e+00  -2.0847226e+00
   2.0000000e+00   9.9676456e-01  -1.7281013e+00   5.4155868e-01   6.6516371e-01   1.1533124e+00  -6.3752137e-01
   2.0000000e+00   7.3273679e-02   3.9246013e-01   2.1213176e+00  -5.3385878e-01  -1.5924768e+00  -1.7797387e-02
   2.0000000e+00  -1.8882884e-01   2.1048250e-01   9.5840201e-01   1.6240801e+00   1.2270024e+00   5.1054737e-01
   2.0000000e+00   2.5061630e+00  -1.4404974e+00   3.4073787e-01   2.2133920e-01  -3.4618017e-01   6.2021380e-01
   2.0000000e+00   4.1415507e-01  -1.6378520e+00   1.3226045e+00  -8.2606658e-01  -3.6204060e-01  -8.5437695e-01
   1.0000000e+00   1.7686425e-01   6.5940654e-02  -5.9710311e-02   4.4117365e-01   9.1203744e-01  -8.7833259e-01
   2.0000000e+00   1.1293772e+00   3.3513833e-01   1.3423507e-01  -4.6833167e-02  -2.4300742e-01  -5.8407732e-01
   2.0000000e+00   1.1914799e-01   1.8814624e-01   2.8264598e-01   6.9841360e-01  -2.0206883e+00   6.8739340e-01
   1.0000000e+00  -3.6862150e-01   3.6625213e-01  -1.9544559e-01   2.7296060e-01   2.7846259e-01  -7.4612278e-01
   2.0000000e+00   3.0835612e-01   5.4120661e-01   1.3352145e+00  -6.5336372e-02  -5.0993654e-01  -4.1900786e-01
   2.0000000e+00  -5.9596114e-01   1.0087276e+00   1.6539194e+00   3.6267228e-01  -9.9339237e-02  -8.5839184e-01
   2.0000000e+00   1.0124176e+00  -1.4059623e+00   3.6711221e-01  -3.0951009e-01   8.2265553e-01   4.2169693e-01
   2.0000000e+00  -6.7144943e-02  -3.6083889e-01   7.5943428e-01   1.6429293e+00  -7.4965698e-01   7.4562618e-01
   1.0000000e+00   1.2799490e-01   1.5987124e+00  -9.7721049e-01  -1.5682613e-02   3.1348984e-01  -7.2997606e-02
   2.0000000e+00   9.3126854e-01   5.5263426e-01   1.4695546e+00   5.4440018e-01   9.2902639e-01  -9.1768191e-01
   2.0000000e+00  -1.3446031e+00   1.3910799e-01  -1.8183565e-01   3.0204255e+00   2.5368074e-01  -4.5724989e-01
   2.0000000e+00  -7.5330720e-01  -6.0824578e-01   3.5757345e-01  -5.9649151e-01  -7.6772614e-01  -7.4964825e-01
   2.0000000e+00  -1.6013129e+00  -1.0602942e+00   1.0955192e+00   1.6257202e-01  -2.4996439e-01   8.1787237e-03
   1.0000000e+00  -1.2816166e-01  -3.2852746e-01  -7.1185280e-02  -2.8627793e+00   6.6616451e-01  -1.2448953e+00
   2.0000000e+00   1.9279079e+00   9.0810807e-01   2.9671317e-01   5.7323152e-01  -1.3891586e+00   3.0149427e-01
   2.0000000e+00   1.2597220e-01   2.9404654e+00   8.1119619e-01   2.3695849e-02  -1.5554024e+00   3.0967578e-01
   1.0000000e+00  -4.0276623e-01   3.8676366e-01  -5.4159498e-02  -5.5401923e-03   8.8341011e-01  -1.2076129e+00
   2.0000000e+00  -6.4640132e-01   9.9183364e-01   3.1430775e-02  -6.6195851e-01   9.3481497e-01  -9.0174009e-01
   2.0000000e+00   7.0993912e-01   5.6686086e-01  -7.5288607e-01  -2.2347046e+00  -3.9002086e-01   6.1294278e-01
   2.0000000e+00  -5.6366762e-01   1.8264879e+00   1.5509847e+00   9.0840438e-01   1.9981766e+00   2.1606624e-01
   2.0000000e+00  -9.5593858e-01  -9.6405151e-01   1.5327428e+00  -4.8064253e-02   1.0636165e+00  -4.1470843e-01
   2.0000000e+00   9.6561465e-01  -1.0438692e-01   2.8497502e-01  -5.8470334e-01  -9.2055644e-02   1.0792255e+00
   2.0000000e+00   5.3967981e-01  -2.1590967e-01   7.2878210e-01   1.0500579e+00  -1.0229172e+00   2.5992298e-01
   2.0000000e+00  -1.3473867e+00  -2.0956052e-01   2.8621704e-01  -2.5229225e-01   9.9637677e-02  -8.3192529e-01
   2.0000000e+00  -9.0238212e-01  -1.0927896e+00  -7.3984081e-01  -1.2532009e+00  -6.0603833e-01  -3.1836747e-01
   1.0000000e+00   4.6894336e-02   8.6346427e-02   1.0017954e+00  -1.4991002e+00   7.1669975e-01  -1.2623615e+00
   2.0000000e+00   1.9980949e+00   5.9282915e-01  -7.3011694e-01   8.0773624e-01  -6.6610956e-01  -2.4048111e-01
   1.0000000e+00   6.1848924e-02  -1.3942171e+00   4.9688575e-01  -3.2131031e-02   1.4973048e-01  -4.7475099e-01
   2.0000000e+00  -4.4356092e-01  -4.7034408e-01  -9.8192772e-01  -2.6924949e-01  -1.3118154e+00   1.3398642e+00
   2.0000000e+00   8.8501322e-01  -3.8150993e-01   3.4967611e-01   4.8703818e-01  -8.8931648e-03  -7.2383727e-01
   2.0000000e+00  -4.1163561e-01  -2.7456384e-01   1.4709824e-02  -5.9023976e-01  -8.4731652e-01  -9.7688700e-02
   1.0000000e+00  -3.5967910e-01   1.1784383e-01  -2.4041088e-02  -1.6948636e+00   7.2934875e-01  -9.5947502e-01
   2.0000000e+00   1.1685668e+00   5.4083001e-01  -2.1507825e-01  -2.1201293e-02   4.4948868e-01   5.7077611e-01
   2.0000000e+00   1.7263237e+00  -1.3491739e+00   5.7987118e-02  -1.1509555e+00   9.6865017e-01   3.3182316e-01
   2.0000000e+00  -2.8988842e-01  -5.9762461e-01  -1.1561850e+00  -2.1526804e-02  -6.6094173e-02   2.4457539e+00
   2.0000000e+00   1.1039028e+00  -1.6034639e-01   9.3477270e-01  -1.2291686e-01   2.1035935e-01   2.5764811e-01
   2.0000000e+00  -3.3088137e-01  -3.6844611e-01   1.8333512e-01  -4.8903992e-01   1.7637604e+00  -8.8930191e-01
   2.0000000e+00  -1.8082759e+00  -6.1900441e-01  -1.1087312e+00   1.4124465e+00   1.1962587e+00   8.9775090e-02
   2.0000000e+00   1.7453353e+00   8.5265173e-02   7.4592629e-01   6.1490868e-02  -9.4742619e-01  -5.6129923e-01
   2.0000000e+00  -6.3763752e-01  -9.5194304e-01  -1.8250076e+00  -1.1053197e+00  -1.3756695e+00   1.4219843e+00
   2.0000000e+00   4.1113358e-02  -1.5070658e+00  -1.3769453e+00   9.9902915e-01   6.3444006e-01  -1.9495884e+00
   2.0000000e+00  -1.0879550e+00   3.0142160e-01  -1.0575765e+00   7.5296422e-01  -5.7156592e-01  -2.0010324e+00
   2.0000000e+00  -1.5565128e+00   1.6571216e+00   2.1157150e-01  -5.3511196e-01  -5.4230324e-01   5.1323267e-01
   2.0000000e+00  -3.8772235e-01  -8.5184712e-01  -2.3927988e-01   1.4388693e+00  -1.5652697e+00  -2.5325255e+00
   2.0000000e+00   9.4344110e-02   2.2445565e-01   6.2617290e-01  -4.1766607e-01  -2.8287316e+00  -9.0878217e-02
   1.0000000e+00  -5.0326499e-01  -4.4233294e-03  -1.7251700e-01  -2.0304732e+00   8.3533666e-01  -1.5757737e+00
   2.0000000e+00  -1.1651669e+00  -4.2740318e-01  -1.2277225e+00   2.1767623e+00  -3.3202110e-01  -4.9863207e-02
   2.0000000e+00   8.3558153e-01   7.3103335e-01   6.6560777e-01  -5.1502184e-01  -1.5355262e+00  -9.7638463e-01
   1.0000000e+00   5.1357553e-01   3.2268802e-01   7.9760278e-02   1.4819459e+00   3.6593734e-01  -1.3311510e-01
   2.0000000e+00  -1.3248537e-01  -1.6293370e+00  -1.6615634e+00  -1.1630672e+00  -1.4050171e+00  -4.3380930e-01
   1.0000000e+00   4.2121356e-01   4.6332119e-01  -5.9549561e-01   5.9936041e-01   6.0078568e-01   1.8042779e+00
   2.0000000e+00   1.5142663e+00  -5.0357198e-01  -1.0088307e+00  -2.9240435e-01  -1.5187000e-01   1.2224965e-01
   2.0000000e+00  -1.8386593e+00  -5.7711127e-01  -1.0769061e+00  -9.9955182e-01   7.5619704e-02  -3.9828389e-01
   2.0000000e+00   4.7290839e-01   2.1856843e+00   5.0846603e-01   9.7530426e-01  -1.9122316e+00   1.1557735e+00
   2.0000000e+00  -3.0260507e-01  -5.0880452e-01   6.1539835e-01   7.3901439e-01  -1.2419162e+00   3.3185987e-01
   2.0000000e+00   1.4516113e+00  -1.0255301e+00  -4.7546173e-01   2.5537209e-01   1.3972476e-01   5.5722835e-01
   2.0000000e+00   2.6863888e-01  -1.4643380e+00  -2.5605201e+00  -4.9990746e-01  -1.9951731e+00   8.1857897e-01
   2.0000000e+00   1.3303408e-01   9.1979844e-01  -6.8911961e-01  -2.7897734e-01   1.5215412e+00   2.6048668e-01
   2.0000000e+00   2.5950981e-01  -5.4088939e-01  -2.1602896e-01   2.5685381e+00  -7.1585670e-01   2.3923192e-01
   2.0000000e+00   7.2242016e-01  -9.6164311e-02   6.9897647e-01   2.4179605e-01   1.2986111e+00  -1.5102096e+00
   2.0000000e+00   4.9175410e-01   6.9013579e-01  -5.8862682e-02  -2.8246362e-01  -7.1750836e-01  -4.2586719e-01
   1.0000000e+00  -2.1422927e-01  -7.0853805e-01  -1.2763959e+00   2.8191687e-01   8.7445612e-01  -6.1000026e-01
   1.0000000e+00  -1.8578545e-01  -3.6322942e-01  -7.5338633e-02   5.4814202e-01   6.9806085e-01   6.3879811e-01
   2.0000000e+00   1.5754238e+00   1.3033267e+00   1.4851175e+00   2.6345829e+00  -2.1896021e-01  -8.4384847e-01
   2.0000000e+00   5.1350789e-02   1.4643506e+00  -3.0748921e-01   1.3590153e+00  -1.0597541e-01  -2.6184426e-01
   2.0000000e+00   5.9869977e-01   4.4601637e-02  -4.1938239e-01   1.5558428e+00   1.8358427e+00  -1.0948988e+00
   2.0000000e+00  -5.8899907e-02   1.1156503e-01  -1.0343052e+00   4.0265697e-01  -1.3660460e-01   2.5453423e-01
   2.0000000e+00  -1.4944531e+00   1.2491777e+00  -6.5450322e-01  -5.4585050e-01   1.6483510e+00   6.0050259e-01
   2.0000000e+00   1.3647488e+00   2.2074267e-01  -2.4363023e-01   1.4369930e-01  -2.6342397e-01  -2.6511183e-01
   1.0000000e+00  -3.0229177e-01   7.4816206e-01   1.5426778e+00  -8.9025049e-02   5.1719102e-01  -1.1003829e+00
   2.0000000e+00   1.2385835e+00   1.3179247e+00   1.0531117e+00  -3.4024556e-01   4.4243230e-01  -1.1688678e+00
   1.0000000e+00   8.8577122e-01   2.4053830e-01   4.9455334e-01   2.3757480e-01   2.6015122e-01   7.1932758e-01
   2.0000000e+00   1.2143179e+00  -3.6178270e-02   7.0411112e-01   2.2586534e+00  -9.7391908e-01   5.8055945e-01
   2.0000000e+00   4.2358513e-01   1.1334133e+00  -1.7546477e-01   4.8594339e-01   9.2298346e-01  -1.7516872e-01
   2.0000000e+00  -4.6410739e-01   3.2142394e-01  -9.7491300e-01   5.1635377e-01   1.6798238e+00   7.9740884e-01
   2.0000000e+00   3.0765886e-01  -6.3700088e-01   8.2537146e-01   1.0479045e+00  -4.2257185e-01  -4.0666847e-01
   2.0000000e+00  -8.6910811e-01   1.7922409e-01  -8.8158224e-01   2.4828592e-01   7.2250753e-01  -3.6554628e-01
   2.0000000e+00  -1.6309461e+00  -5.6857119e-02   7.8679272e-02   1.1090010e+00  -3.1116997e-01   9.9937849e-01
   1.0000000e+00   2.0602435e-01   2.1933241e-01  -3.0956045e-01   4.2131607e-01   5.8502771e-01   1.5879184e+00
   2.0000000e+00   3.8746031e-02  -1.1839911e+00  -5.8829095e-01   2.7136766e-01  -1.0813988e+00  -6.3853756e-01
   2.0000000e+00   1.7557540e+00   5.5656035e-01   4.1641589e-01   2.7815755e-01  -1.2086471e+00   8.0841497e-01
   1.0000000e+00   1.9804599e-01   9.9176263e-01   5.7000744e-01  -1.7984299e-01   4.8251477e-01   1.1120564e+00
   2.0000000e+00   6.8890845e-01   5.1848418e-01  -1.2556802e-01   1.3229277e-02  -6.4235209e-01  -6.9392451e-01
   2.0000000e+00  -3.1426001e-02  -2.6143472e-03   1.1039012e-01   8.5608001e-01  -1.4152452e+00  -8.1966813e-01
   2.0000000e+00   5.1476378e-01   7.9489879e-01  -2.3855404e-01  -4.9756904e-01  -1.6202771e-02   1.1201006e-01
   2.0000000e+00  -5.3950695e-01   1.2725591e+00   3.2883236e-01   3.6269138e-02   1.9750872e+00  -2.0359828e-01
   2.0000000e+00  -9.8628674e-01   5.1297195e-01   2.1990377e+00   3.4831710e-01  -4.1287997e-01   3.4802779e-01
   2.0000000e+00  -1.7242304e-01   5.1953978e-01   3.6184227e-02   1.5763053e+00   2.5319660e+00   9.7921895e-01
   2.0000000e+00  -1.4783808e+00   7.4240295e-02   4.4332953e-01  -1.1240895e-01   8.5097002e-02  -1.3962321e+00
   2.0000000e+00   8.1753177e-01   8.3274871e-01   4.3133183e-01  -3.8056230e-01  -1.0377651e-01   7.2503652e-01
   2.0000000e+00   8.1328331e-01   1.5567543e+00  -7.5139484e-01  -8.2953690e-01   7.1364035e-01   9.3682258e-01
   2.0000000e+00  -6.1127421e-01   9.4818881e-02   4.4696322e-01   1.1209638e+00  -3.4719558e-02   9.1578321e-01
   2.0000000e+00   8.2770999e-01  -2.5515152e-02   6.8236596e-01   6.1366321e-02  -1.1230048e+00   1.1866282e+00
   2.0000000e+00  -2.4945533e+00   1.3001551e-01   1.5936662e+00  -1.3384619e+00  -1.1116416e+00   1.0002992e+00
   2.0000000e+00  -1.1336306e+00   2.1040326e+00  -2.0286164e+00  -3.9398756e-01  -2.4152705e+00  -3.2627505e-01
   2.0000000e+00  -3.8456742e-02   4.1801517e-01   1.8202660e-01  -3.0483956e-01  -1.7313103e+00   6.5455389e-02
   2.0000000e+00   7.0741085e-01  -2.3362481e-01  -2.4093783e-01  -8.3153627e-01   8.2857597e-01  -1.4016797e+00
   2.0000000e+00   3.6797544e-01  -1.2733790e+00  -1.3172255e+00   3.2756500e-02  -8.5209660e-01  -1.5524573e+00
   2.0000000e+00   1.0539300e+00   1.1458900e+00  -3.2781844e-01  -4.8334060e-01   6.5240618e-01   4.9473542e-01
   2.0000000e+00  -9.6821029e-01   1.6001616e-01   7.2086889e-02   5.9347477e-01  -7.7423639e-01  -3.7926221e-01
   2.0000000e+00   6.2017402e-01  -4.0168453e+00   1.4832079e-01   3.2943675e-01  -9.7199185e-01  -5.2489702e-01
   1.0000000e+00   7.1680701e-01   1.5986268e-01  -5.6551066e-01  -1.7783212e-01   3.2906995e-01   4.1041904e-01
   2.0000000e+00   1.0318714e+00   4.4374691e-01  -4.2822091e-01  -1.3656563e+00   6.7338044e-01  -6.2467212e-01
   2.0000000e+00  -1.0539330e+00   2.1254565e-01  -6.8726346e-01  -2.8584899e-01   3.7765063e-01   1.4582193e+00
   2.0000000e+00  -4.3783821e-01   1.8544977e-01  -1.5170257e-01   4.0300011e-01  -7.0604664e-01  -5.4166349e-01
   2.0000000e+00   2.6346523e-01  -1.9173685e+00   3.4777190e-01  -1.5010403e+00  -6.1568094e-02  -5.8502313e-01
   2.0000000e+00  -9.8603258e-01  -1.3002572e+00   7.9398866e-01  -4.7250728e-01   6.9747750e-01   1.6245384e+00
   2.0000000e+00   2.4389032e-01  -1.1281098e+00   1.5524573e+00   1.5777235e+00  -1.3437330e+00  -1.6599134e-01
   2.0000000e+00   1.6819097e-01  -6.6139013e-01   1.0874526e+00   4.4626741e-01   1.6729065e+00  -8.6855342e-01
   2.0000000e+00  -1.5844953e+00   1.6857924e+00   3.4991289e-01  -9.6724060e-01   8.0238961e-01   6.1194561e-02
   2.0000000e+00  -1.1799803e+00   1.8987095e+00  -1.3404989e-01  -3.2616200e-01  -1.2901795e+00   3.6420851e-01
   2.0000000e+00   9.2087387e-01   5.7480044e-02   6.2022990e-01   4.1364904e-01   6.3226403e-01  -1.6822207e+00
   1.0000000e+00   1.1754047e-03   4.6166076e-01  -2.7081979e-01  -1.2672041e+00   9.7251577e-01  -1.5464647e-01
   2.0000000e+00   1.1423046e+00   6.6752849e-01  -4.6049908e-02   5.4858457e-01   5.5075334e-02   1.8373184e+00
   2.0000000e+00   9.6530049e-02  -5.8612953e-01  -1.7872235e+00  -1.9703734e-01  -4.9021267e-02  -5.4140859e-01
   2.0000000e+00  -1.5848652e+00   2.3875450e+00  -1.0797825e+00   3.4311113e-01   6.6372421e-01  -7.2939329e-01
   2.0000000e+00   1.2180788e+00   1.2376117e-01  -4.1672961e-01  -1.0690461e-01   7.7487409e-01  -1.3604893e+00
   2.0000000e+00   5.9353688e-01  -1.0691151e+00   6.7138971e-01  -1.0392010e+00  -2.6675644e-01  -2.7936262e-01
   2.0000000e+00   5.7935184e-01  -1.4618527e-01   2.0019320e+00   3.0120740e-01  -4.1755508e-01  -9.7983851e-01
   1.0000000e+00  -5.7393726e-01  -1.3380599e+00   8.0406296e-01  -6.8555498e-01   6.6295910e-01  -1.5279552e+00
   2.0000000e+00  -6.7229874e-01  -6.4112650e-01  -1.1318006e+00  -1.4467562e+00  -1.0615165e+00  -1.1707579e+00
   2.0000000e+00  -1.4119536e-01   9.1754484e-01  -1.7492456e+00   6.2940088e-01  -1.4161326e+00   1.1446891e+00
   2.0000000e+00  -3.1006981e-02   1.3010360e+00   7.9164412e-01   1.3249195e+00  -7.8479392e-01   4.2783585e-02
   1.0000000e+00  -1.3985948e-01   1.8401520e+00  -4.9298773e-01  -9.3356464e-02   1.0061287e-01   9.0097255e-01
   2.0000000e+00   4.6162363e-01   3.0415131e-01   1.1996209e+00   1.9560095e-01  -9.5408571e-01  -8.7898582e-01
   2.0000000e+00   1.5137053e+00  -1.5699017e-02   2.6889614e-01  -1.3230820e+00   2.9433613e-01  -3.6808649e+00
   1.0000000e+00   4.9071898e-01  -9.0401838e-01  -2.0983116e-01  -7.3559999e-01   8.1561362e-02  -2.5339636e-01
   2.0000000e+00  -5.9653039e-01  -7.1002219e-01  -1.5366252e-01   3.7360579e-01  -1.2619222e+00   1.2378196e+00
   1.0000000e+00   4.0957423e-02  -2.1558221e+00  -3.4987283e-01   2.8123995e-02   6.8341181e-01   1.6565704e+00
   2.0000000e+00   1.1240027e+00  -2.3751306e-01  -4.3053223e-01  -3.0541515e-01  -8.6913858e-01  -1.9320027e+00
   2.0000000e+00   5.4408147e-01   1.2216095e+00   6.6423742e-01   5.3594773e-01  -8.1005168e-01   2.0094638e-01
   2.0000000e+00  -6.7710614e-01  -1.0320192e+00   6.2924764e-01  -1.4146071e-01   9.7242281e-01  -1.3222349e+00
   2.0000000e+00  -8.5753844e-01   2.0642718e+00   4.9518708e-01  -1.3933338e+00  -4.8543258e-01  -8.1863292e-01
   2.0000000e+00   5.3618798e-01  -1.1161104e+00   5.7876108e-01   7.8031254e-01  -1.5519994e+00  -5.9438308e-01
   1.0000000e+00   2.8652049e-01  -2.5363201e+00   4.6236720e-01   1.6018585e-01   7.3692814e-01   2.1902736e-01
   2.0000000e+00   1.1485365e-01   1.7459609e-01   1.3979015e+00   1.4153996e+00   1.0264931e+00   4.5657891e-01
   2.0000000e+00   2.6152559e-01  -5.6592492e-01  -5.3605138e-02   9.4093831e-01  -2.8796720e-01  -2.4973625e-01
   2.0000000e+00   7.9882048e-01   1.8088459e+00   5.8490462e-01   3.7297664e-01  -2.5000622e+00   1.1362141e+00
   2.0000000e+00  -9.1164221e-01   1.6229218e-01  -2.0825620e+00   9.1980495e-01  -1.5658318e+00   1.5892997e+00
   2.0000000e+00  -7.9288997e-01  -7.7791138e-01  -4.3751074e-02   8.1692435e-02  -2.3341138e-01  -2.5482723e+00
   2.0000000e+00   1.5402965e+00   2.2588606e+00   2.4617705e+00  -8.6292900e-01   6.8174746e-01   1.0785161e-01
   2.0000000e+00  -7.4391220e-01  -7.9479413e-01   3.2395510e-01   1.1884331e+00  -8.5753906e-01  -1.0594390e-01
   1.0000000e+00   5.2404281e-03  -1.1712959e+00  -2.9248138e-01  -1.6697330e+00   3.9582388e-01  -1.5403269e-01
   2.0000000e+00   3.7735759e-02   9.7008973e-01   1.4402228e+00  -6.0184896e-01   1.0791505e+00  -2.3665691e-01
   2.0000000e+00   1.1706338e+00   8.4826603e-01   4.8582318e-01  -2.3415939e+00  -1.8772719e+00   1.4880614e-01
   2.0000000e+00   1.8945097e-01  -1.2367675e-01   1.3996258e+00   3.6223306e-01  -2.6484380e-01   1.4010223e+00
   1.0000000e+00   9.8409100e-01   1.4117468e+00  -2.2073165e-01  -5.5554817e-01   8.2816739e-02  -1.1292251e+00
   2.0000000e+00  -2.0383820e-01   5.5766415e-01  -1.6568482e+00  -2.1577757e-01   1.1723979e+00  -7.7517999e-03
   2.0000000e+00   1.3675947e+00  -3.3890551e-01  -1.9692884e+00   1.8683997e-01   3.0195782e-01   5.3099343e-01
   2.0000000e+00   2.2724398e+00   3.2781933e-01   1.4477617e+00   2.2021124e-01   3.9940587e-02  -2.9878934e-01
   2.0000000e+00  -2.3711140e-01  -6.3609256e-01   6.4950922e-01  -5.7274649e-01  -1.3956680e+00   1.6050022e+00
   2.0000000e+00  -3.8508214e-02  -1.1442214e+00   1.2186950e+00   1.8374677e+00  -1.2369009e+00  -4.2562079e-01
   2.0000000e+00  -1.4179377e+00  -3.3234555e-02  -1.1748872e+00  -1.6866059e+00   6.1991712e-01  -4.0662056e-01
   1.0000000e+00   1.7665183e-01  -6.3203800e-01  -1.3211413e+00  -9.9035960e-01   6.1197348e-01  -1.5959551e+00
   2.0000000e+00   1.2603949e-01  -1.1630607e+00   1.2218012e+00   4.3412273e-01   2.0571299e+00   8.5373553e-03
   2.0000000e+00  -6.0509416e-01  -1.5633108e-01  -5.1243394e-01  -8.9174589e-01  -4.8870413e-02   1.4430994e+00
   2.0000000e+00  -7.0323420e-01  -5.9601601e-01  -1.7604226e+00   5.7838203e-01   2.6221622e-01  -2.4566634e+00
   2.0000000e+00   1.4358926e+00  -9.2373299e-01   2.1386235e-02  -1.7196553e+00  -7.0919670e-01   4.3690507e-01
   1.0000000e+00   1.9549258e-01   9.9533512e-02  -6.1377602e-01   5.2484575e-01   7.1106819e-01   6.7594337e-01
   2.0000000e+00   2.2427389e-01  -5.9000059e-01  -1.5795203e+00   1.9492981e-01  -7.0057004e-01  -1.4250928e+00
   2.0000000e+00  -5.5697742e-01   5.3164332e-01   2.6426735e+00  -4.0148066e-01  -3.7094069e-02   3.9096516e-01
   2.0000000e+00  -2.2683503e-01   1.7212704e+00  -6.7852173e-01   1.4097104e+00  -1.0513789e+00   1.1805895e+00
   2.0000000e+00   8.4796797e-01  -9.5949705e-01   2.7287987e+00  -1.3612265e+00  -7.9158913e-01   9.6462493e-01
   2.0000000e+00  -9.5733368e-01  -3.0877364e-01   5.2287073e-01   2.3941802e-01   8.3979556e-01  -7.9611293e-01
   2.0000000e+00  -2.0646412e+00   1.9419794e-01   8.6133188e-01   4.6645727e-01  -1.4485479e+00   1.5414459e-01
   2.0000000e+00   1.1584653e-01   1.0801412e+00  -9.2904908e-02   9.8849157e-01   1.1625057e+00   8.5709225e-01
   2.0000000e+00   4.7385058e-01  -7.8098779e-01  -6.6478451e-03   3.1478684e-01   9.0513693e-01   2.4745269e-01
   2.0000000e+00  -1.2031620e+00  -8.1543115e-01  -3.5648894e-01  -1.1041897e+00  -1.5109784e+00  -2.0443031e+00
   2.0000000e+00   2.0870748e+00   1.9071451e+00   2.3090365e-02   1.8171451e+00   1.8684593e+00   1.1213071e+00
   2.0000000e+00   1.4774708e+00   6.1378221e-01  -3.2520230e-01  -9.1801558e-01   7.3636982e-01   2.0187364e+00
   2.0000000e+00   9.7775519e-02  -1.2745875e-01   1.7334191e+00  -3.5823018e-02  -1.4832173e+00   1.3601276e+00
   2.0000000e+00  -3.0314800e-01  -3.2077899e-01  -9.5278769e-02  -2.6494908e-01   1.3895712e+00   1.7787557e-01
   1.0000000e+00  -5.7775694e-01   3.5172592e-01  -9.0917425e-01  -8.9810197e-01   3.3703237e-01   9.5345784e-01
   2.0000000e+00  -2.6035196e-01  -1.5106597e+00  -2.3444452e-01   9.4815334e-01   1.1099791e+00  -1.5594558e+00
   1.0000000e+00   9.1881530e-02  -7.7621003e-01   3.0552449e-01   2.9630508e+00   9.6587875e-01   5.2920532e-01
   1.0000000e+00   5.1020910e-02  -9.0434641e-01  -4.3979825e-01  -1.3683643e+00   1.4622518e-01   1.8202244e+00
   2.0000000e+00   3.6703399e-01   7.2880455e-01  -7.9366428e-01  -2.5429254e+00  -3.6569188e-02  -1.7990382e-01
   1.0000000e+00   7.1398064e-01   1.0625560e+00  -7.6915046e-01  -1.3094006e-01   3.6372208e-01  -1.1531269e+00
   2.0000000e+00  -1.4468044e+00   1.3510786e+00   5.6034513e-01  -2.0713439e+00   2.9753882e-01   1.0227630e+00
   2.0000000e+00   3.2060804e+00   2.7252066e-01   2.8018981e-01  -8.1857782e-01  -2.3437645e+00  -7.2679072e-01
   2.0000000e+00   6.7128704e-01  -1.3514388e+00  -1.2837327e+00  -1.4585622e-01  -7.0437113e-01   1.2452799e+00
   2.0000000e+00   9.1864034e-02   2.7195531e-01   1.4782217e+00   4.5781146e-01  -2.8230530e-01  -8.3091602e-01
   2.0000000e+00  -1.5515935e+00  -4.9829260e-01   7.7827413e-01  -2.2772025e-02  -2.2459905e+00  -1.6717360e+00
   2.0000000e+00   9.7736609e-01  -1.0305830e-01  -1.3085405e+00  -1.0501839e+00  -2.5282789e+00   1.5968822e+00
   1.0000000e+00  -4.4049702e-02   1.7331703e-01   1.1709191e+00   1.3011106e+00   3.6526193e-02  -5.5856924e-01
   2.0000000e+00   4.2524399e-01  -6.6382755e-01   9.1308411e-01  -5.7414467e-01  -1.1987343e-01  -1.0572888e+00
   2.0000000e+00  -1.1046219e+00   1.1774045e+00  -8.8385251e-01  -2.1582347e+00   1.6044840e+00  -2.0157193e-01
   2.0000000e+00   4.6338958e-01   3.7499019e-01   5.3804954e-01  -1.1558034e+00  -4.5754898e-02   1.7988962e-01
   2.0000000e+00   2.3149117e+00   9.7746937e-01   3.1873289e-01  -1.9956474e+00  -8.0439426e-01   4.4493482e-01
   2.0000000e+00   1.1109361e+00   2.0848325e-01  -1.9174630e-01   4.3797718e-01   7.8963423e-01   8.3140159e-01
   1.0000000e+00  -8.1082752e-02  -4.4177713e-01   3.3963474e-01   1.1897604e+00   3.9432296e-01  -9.0485361e-01
   2.0000000e+00   8.9979163e-01   6.6840895e-01   5.7738561e-01  -8.0083386e-01  -5.6952658e-01   1.3070446e-01
   1.0000000e+00  -1.4723571e-01  -2.1864692e-01   8.1644231e-01   1.2848530e+00   8.3885392e-01  -7.5162070e-01
   1.0000000e+00  -7.9340089e-01   1.6440843e+00   9.0037970e-01   1.5131559e+00   4.8357440e-01   1.3586967e+00
   2.0000000e+00  -2.6719084e-01  -6.5235622e-01   2.9052727e+00  -6.0184008e-01  -3.5144312e-01  -1.9117192e+00
   2.0000000e+00   9.9979555e-03   9.4421489e-01  -1.2085782e+00  -4.4299318e-01  -2.2105913e-01  -9.9840335e-01
   1.0000000e+00   3.8017780e-01   1.7435702e+00   2.3829533e-01   1.1832135e+00   7.3767213e-01  -1.8012904e-01
   1.0000000e+00  -3.2253668e-01  -9.0050243e-02   7.6053830e-01   6.0782850e-01   2.3659392e-01   4.9644207e-01
   2.0000000e+00   1.1285641e+00   8.2553194e-01   7.9532260e-01   1.0607675e+00   4.3540574e-01  -3.7828686e-01
   1.0000000e+00  -6.3844135e-03  -6.2540971e-01  -1.8852206e-02  -1.5152074e+00   4.3097115e-01  -1.5067462e+00
   2.0000000e+00  -3.7477952e-01   1.2929020e+00   8.3640223e-01  -1.1430524e-01  -5.4123426e-01   5.1147286e-01
   1.0000000e+00  -5.9966670e-01  -8.2655538e-01   5.5483087e-01   1.0957292e+00   6.4155375e-01   2.8520120e-01
   2.0000000e+00   1.0298687e+00   1.4127397e+00  -3.2711435e-01  -7.1266926e-01  -1.4196837e+00  -1.2872839e+00
   2.0000000e+00  -9.1348763e-01  -1.9295792e-01  -3.5584956e-01   2.3834510e+00   4.4970996e-01  -2.0371247e-01
   2.0000000e+00   1.0339031e+00  -7.4139967e-02   3.2075269e-01  -1.5619796e+00  -9.3782273e-01   1.3507191e+00
   1.0000000e+00  -2.5095544e-01   3.5912268e-01   1.1899779e+00  -2.1062436e+00   3.3074364e-01   1.0365543e-02
   2.0000000e+00  -1.7575523e-01   1.1104499e+00   4.3096443e-01  -1.4594353e-01  -1.9220999e-01   7.8403986e-01
   1.0000000e+00   1.3603101e-02   9.5478399e-01  -5.9413995e-01   1.6706282e+00   3.9275889e-01  -2.0797927e-01
   2.0000000e+00  -5.4421259e-01   6.7258012e-01  -9.1512567e-01   1.7724217e+00  -9.9928945e-01   7.5572156e-01
   2.0000000e+00  -1.4081507e-01  -2.1819616e-01  -3.5245871e-01  -1.7134539e+00  -6.1000251e-01   1.3312204e+00
   2.0000000e+00   8.4157379e-01  -6.7689300e-01   1.6326238e+00   2.0703916e-01   1.0404344e+00   3.6269405e-01
   1.0000000e+00   4.9759782e-01  -4.8848283e-01  -7.4690616e-01  -5.5351329e-01   5.1059112e-01   5.3180043e-01
   1.0000000e+00   3.4880867e-01  -5.0893853e-02  -1.3341941e+00   1.9623424e-01   7.3384493e-01   6.1669983e-02
   2.0000000e+00   2.8371906e-01  -1.6039303e+00  -3.2588693e-01  -1.6676183e+00   1.5222967e+00   1.1661238e+00
   2.0000000e+00  -1.4438761e+00  -4.5947204e-01   6.7852986e-01  -1.0138120e+00  -4.4217749e-01  -5.7400457e-01
   2.0000000e+00  -2.0891834e+00   6.1827059e-01   1.1687647e-01   4.0534685e-01   6.3057216e-01  -5.2048475e-01
   2.0000000e+00   5.3043694e-01  -6.4252904e-01  -1.4271457e+00  -8.1965806e-02  -1.2965468e-01  -6.8104446e-01
   2.0000000e+00  -2.1716240e-01  -9.2498967e-01   6.4903345e-02  -1.3985101e-01  -1.6227982e+00  -1.3088848e+00
   2.0000000e+00  -1.7015984e+00  -8.6169730e-01  -7.7882625e-01  -3.7098013e-03   6.3086155e-01  -8.2805672e-01
   2.0000000e+00  -8.1368729e-01  -1.4279601e+00   1.9082221e+00  -6.4701239e-01   1.2242194e+00   4.4069198e-01
   2.0000000e+00  -4.8302815e-01   1.1793490e+00   1.1403176e+00   1.2882837e+00  -6.7770261e-01  -1.0486592e+00
   1.0000000e+00   1.8133718e-01  -1.7418812e+00   4.0266727e-01  -8.9814941e-01   4.9164334e-01   6.1517726e-01
   2.0000000e+00  -1.9495045e+00   4.9912875e-01  -2.0297112e-01   9.8927841e-01   1.4875397e+00  -1.5194347e+00
   2.0000000e+00  -1.2413505e+00   9.2945818e-01  -1.1294936e-01   1.0765925e-01  -1.2361846e+00  -1.3484827e+00
   2.0000000e+00  -1.4204925e+00   1.4956232e+00   2.4732900e-01   6.8915574e-01  -1.4044101e+00  -2.0719781e-01
   1.0000000e+00  -4.5712369e-01   9.4043975e-01   1.4296858e+00   1.5213047e+00   4.7514781e-01   5.1426521e-01
   2.0000000e+00   5.4841295e-02  -7.6833846e-01   5.0690464e-01   4.0285479e-01  -2.8511976e-02  -5.7110443e-01
   2.0000000e+00  -6.0065392e-01   2.6755976e-01   1.3661573e+00  -1.7597237e+00  -8.6342040e-01  -9.6641245e-01
   2.0000000e+00   3.3855712e-01   1.6226920e-01   2.5051234e-01   6.9200399e-03  -1.3857482e+00  -2.5844840e-01
   2.0000000e+00  -9.4707062e-01  -1.3798178e+00  -1.0839368e-01  -6.5739820e-01  -6.1845493e-01  -1.4244719e+00
   2.0000000e+00  -8.0254883e-01  -9.8343970e-01  -6.6611684e-01  -1.1830501e+00  -1.2565093e+00  -6.6242940e-02
   2.0000000e+00   6.9251370e-01   1.2290339e+00   7.6549718e-01   1.2379194e-01  -8.6225632e-01   1.0394456e-01
   2.0000000e+00  -1.6499334e+00  -9.4951342e-01  -5.9078991e-01   2.4805646e+00   5.8625332e-01   6.6795243e-01
   2.0000000e+00   1.1666617e+00  -6.8356075e-01  -2.7584374e-01  -1.1887721e+00  -2.1366069e+00   1.3835580e+00
   1.0000000e+00   3.0590699e-02  -1.3580357e+00  -3.0292338e-01  -1.2557349e+00   7.8151843e-02  -9.7328655e-01
   2.0000000e+00  -2.1032637e-01   1.6712833e+00  -3.4678110e-01   1.1270437e+00   1.7621024e+00  -1.2347977e+00
   2.0000000e+00  -1.3001938e-01  -9.2302085e-01  -1.1280319e+00   1.8772622e-01  -6.2867161e-01   8.5510605e-01
   2.0000000e+00  -1.0809451e+00   8.1168111e-01  -1.5925941e+00   1.9396822e-01   5.2091375e-03  -4.6931235e-01
   2.0000000e+00  -8.9524386e-01   1.9445337e+00  -1.4994565e-01  -9.5165327e-01   5.1601338e-01  -2.2628536e+00
   2.0000000e+00  -4.0130269e-01   7.8262551e-01   2.8190318e-01  -1.2729467e+00  -1.9994608e+00  -5.0579986e-01
   2.0000000e+00   3.2104134e-01   7.6763517e-01  -1.9734194e+00   1.3265568e+00  -1.6914268e+00   3.2443009e-01
   2.0000000e+00  -1.2149655e+00  -9.0828824e-01  -8.1426574e-01   6.9711910e-01  -5.8709676e-01  -9.4683358e-01
